%YAML:1.0
R: !!opencv-matrix
   rows: 3
   cols: 3
   dt: d
   data: [ 9.9975468703478299e-01, 5.2839451827959251e-03,
       -2.1509199782610698e-02, -4.8984759792002021e-03,
       9.9982716366643332e-01, 1.7934540078191983e-02,
       2.1600247338034138e-02, -1.7824778204518662e-02,
       9.9960777637876319e-01 ]
T: !!opencv-matrix
   rows: 3
   cols: 1
   dt: d
   data: [ -8.3455228605905332e-02, 1.2100361275812089e-03,
       -2.6698131204154246e-03 ]
R1: !!opencv-matrix
   rows: 3
   cols: 3
   dt: d
   data: [ 9.9990015092567985e-01, -9.7769767084510406e-03,
       1.0202887103413258e-02, 9.6857672708812858e-03,
       9.9991302880293897e-01, 8.9510190764794072e-03,
       -1.0289513651136045e-02, -8.8513025355356732e-03,
       9.9990788593362312e-01 ]
R2: !!opencv-matrix
   rows: 3
   cols: 3
   dt: d
   data: [ 9.9938374550868803e-01, -1.4490289674880153e-02,
       3.1971248304748567e-02, 1.4774347600773667e-02,
       9.9985329441320647e-01, -8.6665047181403443e-03,
       -3.1840977780170934e-02, 9.1335182813688052e-03,
       9.9945121490636368e-01 ]
P1: !!opencv-matrix
   rows: 3
   cols: 4
   dt: d
   data: [ 4.2592131485259472e+02, 0., 3.2193589782714844e+02, 0., 0.,
       4.2592131485259472e+02, 2.4129062843322754e+02, 0., 0., 0., 1.,
       0. ]
P2: !!opencv-matrix
   rows: 3
   cols: 4
   dt: d
   data: [ 4.2592131485259472e+02, 0., 3.2193589782714844e+02,
       -3.5567279194698557e+01, 0., 4.2592131485259472e+02,
       2.4129062843322754e+02, 0., 0., 0., 1., 0. ]
Q: !!opencv-matrix
   rows: 4
   cols: 4
   dt: d
   data: [ 1., 0., 0., -3.2193589782714844e+02, 0., 1., 0.,
       -2.4129062843322754e+02, 0., 0., 0., 4.2592131485259472e+02, 0.,
       0., 1.1975088466032567e+01, 0. ]
