%YAML:1.0
M1: !!opencv-matrix
   rows: 3
   cols: 3
   dt: d
   data: [ 5.3460578004178922e+02, 0., 3.3508646902383629e+02, 0.,
       5.3460578004178922e+02, 2.4026433171873001e+02, 0., 0., 1. ]
D1: !!opencv-matrix
   rows: 1
   cols: 8
   dt: d
   data: [ -2.7544799363208844e-01, -1.1734523720827157e-02, 0., 0., 0.,
       0., 0., -2.3087086593708656e-01 ]
M2: !!opencv-matrix
   rows: 3
   cols: 3
   dt: d
   data: [ 5.3460578004178922e+02, 0., 3.3404190150452678e+02, 0.,
       5.3460578004178922e+02, 2.4163411231543753e+02, 0., 0., 1. ]
D2: !!opencv-matrix
   rows: 1
   cols: 8
   dt: d
   data: [ -2.8164633045903875e-01, 9.7119496494186483e-02, 0., 0., 0.,
       0., 0., 2.2145284794048852e-02 ]
