%YAML:1.0
---
calibration_time: "Wed 28 Sep 2022 12:46:14 PM CEST"
nr_of_frames: 25
image_width: 640
image_height: 480
board_width: 8
board_height: 6
square_size: 23.
fix_aspect_ratio: 1.
# flags: +fix_aspectRatio +fix_principal_point +zero_tangent_dist +fix_k4 +fix_k5
flags: 6158
fisheye_model: 0
camera_matrix: !!opencv-matrix
   rows: 3
   cols: 3
   dt: d
   data: [ 6.2587075890499921e+02, 0., 3.1950000000000000e+02, 0.,
       6.2587075890499921e+02, 2.3950000000000000e+02, 0., 0., 1. ]
distortion_coefficients: !!opencv-matrix
   rows: 5
   cols: 1
   dt: d
   data: [ 2.0880639547457430e-01, -2.0166401827139788e+00, 0., 0.,
       6.6324385121697649e+00 ]
avg_reprojection_error: 2.2277437080418316e+00
per_view_reprojection_errors: !!opencv-matrix
   rows: 25
   cols: 1
   dt: f
   data: [ 2.07604080e-01, 4.23681450e+00, 1.36328533e-01,
       2.27288246e-01, 3.49450588e+00, 4.04412568e-01, 3.49576950e-01,
       5.60648632e+00, 2.03178257e-01, 3.18209678e-01, 3.42714238e+00,
       4.71054375e-01, 4.25925583e-01, 4.92271364e-01, 4.74486560e-01,
       1.31349754e+00, 4.56483412e+00, 3.83439064e+00, 2.73803115e-01,
       2.64888436e-01, 1.92427441e-01, 3.25089264e+00, 3.92796874e-01,
       3.55382651e-01, 1.01088631e+00 ]
# a set of 6-tuples (rotation vector + translation vector) for each view
extrinsic_parameters: !!opencv-matrix
   rows: 25
   cols: 6
   dt: d
   data: [ -4.2071129282009156e-01, 8.4287080396265057e-01,
       1.4201404306996799e-02, 4.1651491596927364e+01,
       -2.7614370389438605e+01, 6.7008898533378931e+02,
       -1.1182419193067161e+00, -1.3027270409876812e-02,
       8.3359499378879737e-02, -5.8114965618737919e+01,
       1.9250289790397304e+01, 6.6250426371559456e+02,
       3.6367211892963236e-01, 1.2945150480490394e-01,
       -4.2205428194960773e-02, -7.1111849754505471e+01,
       -4.5424114916313123e+01, 5.2756042137612360e+02,
       -2.7746968100003871e-01, -8.4269853558918872e-01,
       -3.8250380061060338e-02, -1.0284286762569137e+02,
       -3.8070610373716249e+01, 5.1664840937550809e+02,
       -1.2391316377016108e-01, 1.1639940750730311e+00,
       -8.9558409004161052e-02, 6.1578859076530243e+01,
       -3.6969021210719561e+01, 6.2959621447362179e+02,
       9.0395085856249324e-01, 1.3154711341948991e-01,
       -7.9401712045904835e-02, -7.9275003183157082e+01,
       -1.2282541780619468e+02, 4.1845967308452515e+02,
       -9.3154528663025693e-01, 9.2911580341543371e-02,
       -9.2260472453383775e-03, -5.9280137603755868e+01,
       -3.5719051128707187e+00, 4.9181519061258757e+02,
       -1.1121011117503141e+00, -5.4240470490047832e-01,
       -1.2248266822748365e-01, -1.2827054907905818e+02,
       -1.6732765272354634e+01, 4.7722947419505425e+02,
       -3.6570964081204493e-01, 7.9545052113188008e-01,
       -2.0434267855933669e-01, -9.6362389395189503e+00,
       1.0933876164792379e+01, 5.5924479419097520e+02,
       -8.6358719843270537e-02, 1.0975084052601727e+00,
       3.6983194431512767e-02, 2.6442567314594207e+01,
       -1.5469991089846568e+01, 5.7659125202906068e+02,
       -6.2343463488079266e-02, 1.3439063740315236e+00,
       8.2618220528419758e-02, 5.8126865540619285e+01,
       -5.8504612954375702e+01, 4.4875241454080248e+02,
       -1.1120340590384355e-01, -1.0107479672296191e+00,
       4.3548324661114100e-02, -7.8310773621060122e+01,
       -6.3286727380085416e+01, 3.1639796075118375e+02,
       6.0975385168184026e-01, -7.0553102587673622e-01,
       1.4806108304986687e-01, -4.3992517465307316e+01,
       -2.5805153491557888e+01, 2.8558345492200755e+02,
       8.7427447310394379e-01, 3.4196029008742596e-01,
       -6.6786329379712916e-01, -7.3235781095683265e+01,
       4.5325158817536199e+01, 3.7903606709013820e+02,
       3.3192458559537391e-01, 8.6702938909591476e-01,
       -6.0518474654099874e-01, -2.7477073328525957e+01,
       1.8622013283803806e+01, 4.7182314368972743e+02,
       -8.7357194672005800e-01, 1.0558144766671029e+00,
       -1.4846597962324872e-03, 8.4369914442126571e+01,
       3.2562394722157400e+01, 5.4281918922176897e+02,
       -1.0751850067413700e+00, 7.0933306779236116e-01,
       8.1167238827365304e-02, -1.8964091070257177e-01,
       4.0683569670649035e+01, 5.6903091269110416e+02,
       -1.0864298887001878e+00, -4.0573281535249683e-01,
       3.3643470335588711e-02, -1.3947751482068105e+02,
       -4.4980732405328636e+00, 5.2577921590728988e+02,
       -3.0389424192937525e-01, -3.2905151602535798e-01,
       4.9123125646604648e-02, -1.1476695479304369e+02,
       -4.6040883070878323e+01, 4.5592471992067260e+02,
       -1.8048430825174287e-02, -8.5219070398184249e-01,
       5.2476397572383737e-03, -8.9253036187781817e+01,
       -3.5679989941388300e+01, 4.1772042287486272e+02,
       6.7659693867003312e-01, -1.4750463993262164e-01,
       6.6759054090854289e-03, -8.7406582994904596e+01,
       -6.7961135887683383e+01, 3.6756745157693132e+02,
       1.6527587241476160e-01, 1.1857189759578650e+00,
       6.5102092280282658e-02, 2.7035993552813711e+01,
       -6.9754652490511418e+01, 5.1565218426232946e+02,
       7.0338375807332287e-01, 3.5720665443490679e-01,
       -7.8861459325794983e-02, -1.0415641107478100e+02,
       -4.8233906100239615e+01, 3.7645678461825889e+02,
       2.0379032357316634e-01, -6.0630205977033724e-01,
       -5.9094125402653672e-02, -1.0543433149047559e+02,
       -3.7791530751508162e+01, 3.4822993729997700e+02,
       -3.0060689257057044e-01, -1.0170558265771643e+00,
       -1.0718103605731771e-01, -7.1641466186189717e+01,
       -4.0802753044044607e+01, 3.6559156148199145e+02 ]
