<?xml version="1.0"?>
<opencv_storage>
<calibration_time>"Wed 28 Sep 2022 11:58:51 AM CEST"</calibration_time>
<nr_of_frames>25</nr_of_frames>
<image_width>640</image_width>
<image_height>480</image_height>
<board_width>8</board_width>
<board_height>6</board_height>
<square_size>23.</square_size>
<fix_aspect_ratio>1.</fix_aspect_ratio>
<!-- flags: +fix_aspectRatio +fix_principal_point +zero_tangent_dist +fix_k4 +fix_k5 -->
<flags>6158</flags>
<fisheye_model>0</fisheye_model>
<camera_matrix type_id="opencv-matrix">
  <rows>3</rows>
  <cols>3</cols>
  <dt>d</dt>
  <data>
    6.2932463642798382e+02 0. 3.1950000000000000e+02 0.
    6.2932463642798382e+02 2.3950000000000000e+02 0. 0. 1.</data></camera_matrix>
<distortion_coefficients type_id="opencv-matrix">
  <rows>5</rows>
  <cols>1</cols>
  <dt>d</dt>
  <data>
    1.6076213815298762e-01 -1.2591517698167454e+00 0. 0.
    3.1119684914597876e+00</data></distortion_coefficients>
<avg_reprojection_error>1.4679498005893534e+00</avg_reprojection_error>
<per_view_reprojection_errors type_id="opencv-matrix">
  <rows>25</rows>
  <cols>1</cols>
  <dt>f</dt>
  <data>
    2.51403242e-01 2.02718049e-01 2.26689041e-01 1.02628160e+00
    1.49445370e-01 7.82171309e-01 3.35836887e+00 3.96471143e+00
    4.47556686e+00 3.35828453e-01 2.41613910e-01 3.12645286e-01
    4.88079816e-01 6.41185522e-01 6.31914318e-01 5.13852060e-01
    4.42281306e-01 3.94389093e-01 4.22968507e-01 2.63169080e-01
    3.69755775e-01 4.23155397e-01 3.56409758e-01 2.05696076e-01
    1.52791739e+00</data></per_view_reprojection_errors>
<!-- a set of 6-tuples (rotation vector + translation vector) for each view -->
<extrinsic_parameters type_id="opencv-matrix">
  <rows>25</rows>
  <cols>6</cols>
  <dt>d</dt>
  <data>
    -2.8509718529454930e-01 9.0559739025761921e-01
    -3.9465517477636804e-02 3.4470309505595417e+01
    -7.0362996516370416e+01 6.0884873036894317e+02
    -2.9492672703790102e-01 1.6960367360982939e-01
    -2.0711566435670702e-02 -5.0314059866325863e+01
    -5.9892598918166492e+01 5.7312266091149036e+02
    -3.4930425636468498e-01 -4.4080451842717927e-01
    2.2801914165320767e-02 -6.8860691202734102e+01
    -6.1887606801938155e+01 5.1494339445572132e+02
    -3.2342709060892177e-01 -9.6806314778419422e-01
    6.6761371672462710e-02 -7.4276001359263233e+01
    -5.2731893779630212e+01 4.8624720110473868e+02
    3.7170463346135485e-01 -2.4903230018627096e-01
    5.0093175613815967e-02 -8.0169251403001667e+01
    -4.1752445344287878e+01 4.8506581116443340e+02
    5.6745827101918639e-02 -1.0070697108961149e+00
    7.0268331851970581e-02 -5.7256939938344757e+01
    -4.4202420835298071e+01 4.0570838609064924e+02
    -9.9031806655572405e-03 -1.1720120964999869e+00
    6.7927011454371175e-02 -3.6719622053249388e+01
    -4.3504285892013279e+01 3.9103236676401355e+02
    5.1292049646764169e-02 1.2107077303400593e+00 5.8367533188111401e-02
    1.5010761272777426e+01 -3.6000368339928251e+01
    5.6131789525611987e+02 3.0390318461267429e-01 1.2025707974414486e+00
    1.6240113491278346e-01 1.5619632062616596e+01
    -5.7908953088954441e+01 5.3845514285975526e+02
    3.3173693961834888e-01 1.0285339687117732e+00 2.5514506108990725e-01
    1.6317223575616495e+01 -6.1849545165673213e+01
    5.2610071614002140e+02 6.0297115506734345e-01 3.5587353613315520e-01
    5.5832969135298532e-02 -4.9601399216383292e+01
    -6.4379567277139444e+01 4.8304068752223048e+02
    7.8625937150134373e-01 -3.0831575029950081e-01
    1.5263708252195796e-01 -5.6894622430945432e+01
    -4.0130319517692001e+01 4.1036828281991967e+02
    7.5062326740277352e-01 -5.7294722417122146e-01
    2.0642572042280102e-01 -2.5814900733472360e+01
    -2.9360606561606492e+01 2.9712671864949453e+02
    8.5371148521450391e-01 5.1690336321729569e-01
    -1.7042631715813561e-01 -5.1418893927342502e+01
    -2.0575618347191067e+01 3.2227437317230289e+02
    8.1371664210044314e-01 6.9736782963988297e-01
    -2.1733901975528191e-01 -5.5564933096766147e+01
    -2.5918755507681947e+01 3.7060462713831208e+02
    -6.7675487005253077e-01 2.2293601728085161e-01
    4.1956534515453371e-02 -5.9080263972209998e+01
    -1.9480874177814233e+01 3.7764325075077534e+02
    -1.1985179337356384e+00 1.5517240610620231e-01
    2.5582986289344946e-02 -6.5206541825040219e+01
    1.1280361779102169e+01 4.0212343768028887e+02
    -1.3870115918978268e-01 -5.5042229036782309e-01
    9.1731157570374547e-02 -9.7478689048336250e+01
    -6.1166615437486577e+01 3.0283623179048345e+02
    -9.1755572084252834e-02 -9.8657495163017317e-01
    5.6916471037975959e-02 -7.1590157349481913e+01
    -5.0732046035659046e+01 2.9141062073263367e+02
    5.0668265351482555e-01 -7.0132414485859451e-01
    6.7742882919259399e-03 -5.9309462979832134e+01
    -3.5564764970604479e+00 3.5771421583408232e+02
    8.3738088774090247e-01 -7.4804680329761345e-03
    -4.0771913968622137e-01 -8.6075416168597201e+01
    4.6996393594469062e+01 3.8955166453077368e+02 3.1589296706689513e-01
    8.3830380792350878e-01 -3.1129111733709236e-01
    -4.4235852635018624e+01 1.7854676629137117e+01
    5.0535370121561090e+02 -8.1018657708399011e-01
    8.6568635222343138e-01 1.5347276284689843e-01 3.0787099141604234e+01
    3.8692690948989771e+01 5.7443312581494274e+02
    -9.9157394413348421e-01 1.5709106195820241e-01
    2.7460137019375302e-02 -5.6037941959908117e+01
    7.1632255616978824e+01 5.5517533094330076e+02
    -1.3265303527830197e+00 2.2288969565713870e-02
    8.3608359196443958e-03 -8.9317007275002254e+01
    5.4182631952021666e+01 4.3284276825367186e+02</data></extrinsic_parameters>
