%YAML:1.0
camera_matrix: !!opencv-matrix
   rows: 3
   cols: 3
   dt: d
   data: [ 5.4762340496871400e+02, 0., 3.0857898138469687e+02, 0.,
       5.3720319011979711e+02, 2.4887356043785732e+02, 0., 0., 1. ]
distortion_coefficients: !!opencv-matrix
   rows: 1
   cols: 5
   dt: d
   data: [ -2.1976010800626521e-02, 1.8657648776009639e-01,
       5.5047017558668586e-03, 9.0731854071646554e-03,
       -4.7219527634871550e-01 ]
# a set of 6-tuples (rotation vector + translation vector) for each view
extrinsic_parameters: !!opencv-matrix
   rows: 10
   cols: 6
   dt: d
   data: [ -6.0743318105953314e-01, 2.0230472412280451e-01,
       -5.4794143898359383e-02, 6.4476451169456758e-02,
       3.7834832638427573e-02, 6.0177332561992591e-01,
       -6.0812435115199015e-01, 1.9359652298833210e-01,
       -5.0382040429168447e-02, 6.5104562224186077e-02,
       3.9018848360183545e-02, 6.0254303394887487e-01,
       -6.0696701297028910e-01, 1.9394207607987915e-01,
       -4.9465506722457059e-02, 6.5290706728743209e-02,
       3.8967049556117531e-02, 6.0228987027077507e-01,
       -6.0079202137582743e-01, 1.9158726853508171e-01,
       -4.6979985920974951e-02, 6.5391462916513932e-02,
       3.9132609536494001e-02, 6.0140265611590871e-01,
       -6.0070248996804276e-01, 1.7340943703782158e-01,
       -4.1391443246189936e-02, 6.5702071914306090e-02,
       4.0564892504649466e-02, 6.0290540820965954e-01,
       -5.9947561874952460e-01, 1.6361485798702227e-01,
       -3.9746822175255485e-02, 6.5092783543116289e-02,
       4.1229451587535333e-02, 6.0287008880685555e-01,
       -5.9646836670612635e-01, 1.5609471727783381e-01,
       -3.9128800803505372e-02, 6.4051111277437206e-02,
       4.1967305173080963e-02, 6.0378126061812953e-01,
       -5.9796226238949401e-01, 1.5236781258415513e-01,
       -3.7797019828178645e-02, 6.3115977019432543e-02,
       4.2706816307741279e-02, 6.0422620473804323e-01,
       -5.9787167171530153e-01, 1.5354158276731464e-01,
       -3.9002377458482944e-02, 6.2304456128672824e-02,
       4.3243267362994470e-02, 6.0479791835015950e-01,
       -5.9920194422653628e-01, 1.5499558985087683e-01,
       -3.8365770926219095e-02, 6.3528842533754543e-02,
       4.3541298772904941e-02, 6.0511771548267934e-01 ]
